$ANSIBLE_VAULT;1.1;AES256
30616230653362656366323731653662333165616637396232313039636164373564323933646537
6433633466313165646161303339653032373234656431350a373061636436343364633331353361
65653135373733653165336435336564343932306231666435663531636366336564363532623265
3665316438623038390a633664316635393061636538353731353262396263316239623465393831
65653231386363633066313737333964396235393137356339303630653039663435613764363661
33393438316631613661653631643438333766633864373261636461323230313461393762343139
32303638333938643433666663313963316466653561666663363632383339666238326537356362
32313862633239393434633936653430613236363663306538333838383930316661316365636433
32323839383837363532393161303631633130323965623862336537353562633436333638613530
64363934363332636565373063343666656161626631653963656436663535383665663230333937
34353862646666616462643666383063313063326537303062633731333039303864333030323635
66356663636633623535383130376666663234646137366435623938333366343532626464656364
36313366326435396265396561303763303261663632613164386237616137613538333136346337
37346432626339313438656232336166666236613761353332333537383164613430363633653438
37306564353038303633616162643135386635396266316365393834376234383137323165663438
63373332333538633665326232666134656264663934643539363266653735373132653163326639
38636438386461366332376162633634303732356161323765356165323330303331636435373965
66306137336234343130393739353633626234633139663130363635326132363938323031613830
31376538653735653562376139656130313233666239386466316432316664366635353838353365
65373164306662313138313862663864616265333139323238643838656332653964356233626334
65663836326334646636383463323164363032386163303334396637363761653234623235633632
35343234356333366561386439363866333937363166303338313738623963346430393237313266
61633439343739656432373566373266343661633035386166326364376633326663383862373037
37373136333762386164376433336565643862383865333662613735346565646238393330313161
62626565333336393439393461343765623837333431626331363833346361623936623066643431
35373339366336343162333265656432633866393838343835386662323063383231623664656239
36343663363230393239376262386165303466363236343334333734316266313562303535663261
35346336373130363232646132346537316531383831386632353836343966656561393231623434
37326437323261653063373634666563613333346630323231643031383065356235303761346665
61303132633439343934383336633232383564313162316139303361383365303337373234306332
66616638633637393263376430323964323534366466646139643732323138313538656565623866
61663032376634633364353439386238656463656362316133386462383238353639386365616163
38323636396439363063386563646566303033316137373865383766306638396230663837363265
34323863646338306330656465633132386336343931646434313362393734316565386432396161
61643439343337316462353263343032323131303864356530363637623864663661393562623131
62663338663830626363633539396439313666313831366432333338636164303734386531333531
39613739373833663363626562303065656166353437313566393266613335656536663661336539
38313735623038353737353765336462646634316133386235376366306231636261313835343135
65616333323237366465333231366131393461396633383163313462363333363365343232343265
63323637636332326365373834313836623464616439343538623765376436373033663563303038
34626133383131376439333166323935643062383530396434623334306137353735386634313666
34316633383838316439633631633931366465316164633836353064316664343165636435323566
37306465343663366363616262613862343362363161646434663466353638666338333339613834
35646637303337663661386463333838643865306439383163396365656261636536386461623030
66313737383262633931373866303165643033323337666530663566656434653134616639643739
63636264653361626432396238636530373136326134376237353738376663303662393962646538
39366132633633373535393263313561336165346135376335636461656465633061376139396536
65343935383566356331373066666239316632643233363337366433343036643464653865653961
33636665393831653031353063643537663663653630366233323266373832313237386333346536
66636561303261663934376234356333636334623634633362333232623736306430666335613231
62303439643163376163336638653739393764613030303735663435383664356362656561623035
34303832646161636430376539313436666530643236616662656632313765333163623130313164
61633631363661363436643032303634353633636639663636313666333162636232393461346162
65653735306437623033366632303866643735663831633737656262643133373931656162363361
64633432633035623764623732343033396337626237326637323931636634616466653763626366
31633066623035396430343062303930333536316433363531306362376661343934306532383438
34633639666432393931386663653835383663373734356462303530326135363033393134396635
36386137363837303235353039663464303465316232656233646133656638663438633262343930
63656438626233393066353563613734353362336563663334326437663839616432333738663137
37346437306163656135363537333130393432376465353036396332393834383333323232666235
30333364666438373861393832356532613738313036316135393363386336303634666332323130
38633361363965613266346366326164393433366637303464386265623261333033353963303832
31316565613565313166613761333830323466373062663039396266353263366266303035326165
32653439623661643039386162613066616638363262363638613134626639306531613539646262
3338
